6.112120747566223145e-01
5.730609297752380371e-01
4.770562350749969482e-01
3.585726022720336914e-01
2.359122037887573242e-01
1.182234436273574829e-01
1.927239261567592621e-02
-4.947832226753234863e-02
-1.029670685529708862e-01
-1.564770936965942383e-01
-1.979719400405883789e-01
-2.212797999382019043e-01
-2.354272753000259399e-01
-2.410980463027954102e-01
-2.379505187273025513e-01
-2.333497852087020874e-01
-2.329003810882568359e-01
-2.349504530429840088e-01
-2.345735579729080200e-01
-2.259865403175354004e-01
-2.027959376573562622e-01
-1.627529412508010864e-01
-1.047552749514579773e-01
-3.197493776679039001e-02
4.440476000308990479e-02
1.210801228880882263e-01
1.951869428157806396e-01
2.506754696369171143e-01
2.829946875572204590e-01
3.024472892284393311e-01
3.110159933567047119e-01
3.054564595222473145e-01
2.850362062454223633e-01
2.510464191436767578e-01
2.021082043647766113e-01
1.336918473243713379e-01
5.374587699770927429e-02
-2.425456605851650238e-02
-9.475921094417572021e-02
-1.478041857481002808e-01
-1.767933368682861328e-01
-1.877041459083557129e-01
-1.825175583362579346e-01
-1.662451922893524170e-01
-1.515178531408309937e-01
-1.357309818267822266e-01
-1.108368858695030212e-01
-8.207760006189346313e-02
-5.351543799042701721e-02
-2.472430281341075897e-02
